-1.0 -1.0 -1.0 -1.0 -1.0 -1.0 -1.0 -1.0 -1.0 -1.0 -1.0 -1.0 -1.0 -1.0 -1.0 -1.0 
-1.0 -1.0 3614.0 3615.0 3616.0 3617.0 3618.0 -1.0 -1.0 -1.0 2418.0 2419.0 2420.0 2421.0 0.0 -1.0 
-1.0 -1.0 3613.0 -1.0 -1.0 -1.0 3619.0 -1.0 -1.0 -1.0 2417.0 -1.0 -1.0 -1.0 -1.0 -1.0 
-1.0 -1.0 3612.0 -1.0 3606.0 -1.0 3620.0 3621.0 3622.0 2417.0 2416.0 2415.0 2414.0 -1.0 -1.0 -1.0 
-1.0 -1.0 3611.0 -1.0 3607.0 -1.0 -1.0 -1.0 -1.0 2416.0 -1.0 -1.0 -1.0 -1.0 3599.0 -1.0 
-1.0 3611.0 3610.0 3609.0 3608.0 3611.0 3610.0 -1.0 -1.0 -1.0 -1.0 3603.0 3602.0 3601.0 3600.0 -1.0 
-1.0 3610.0 -1.0 -1.0 -1.0 -1.0 3609.0 -1.0 -1.0 -1.0 -1.0 3604.0 -1.0 -1.0 -1.0 -1.0 
-1.0 3609.0 3608.0 3607.0 3606.0 -1.0 3608.0 3607.0 3608.0 3609.0 3610.0 3603.0 3604.0 3605.0 3606.0 -1.0 
-1.0 -1.0 -1.0 -1.0 -1.0 -1.0 3607.0 -1.0 -1.0 -1.0 -1.0 3602.0 -1.0 -1.0 3607.0 -1.0 
-1.0 3601.0 3602.0 3603.0 3604.0 3605.0 3606.0 3607.0 3606.0 3605.0 3604.0 3603.0 3606.0 3605.0 3604.0 -1.0 
-1.0 3600.0 -1.0 -1.0 -1.0 -1.0 3605.0 -1.0 -1.0 -1.0 3609.0 -1.0 -1.0 -1.0 3603.0 -1.0 
-1.0 3599.0 -1.0 3601.0 -1.0 -1.0 3604.0 -1.0 -1.0 -1.0 3608.0 -1.0 -1.0 -1.0 -1.0 -1.0 
-1.0 3598.0 -1.0 3602.0 3603.0 3604.0 3603.0 3602.0 -1.0 3606.0 3607.0 3606.0 3605.0 3604.0 3603.0 -1.0 
-1.0 -1.0 -1.0 -1.0 -1.0 -1.0 -1.0 -1.0 -1.0 -1.0 -1.0 -1.0 -1.0 -1.0 -1.0 -1.0 
